accuracy = 0.938333
test_accuracy = 0.9458333333
